data/sample_dem.asc
ncols         200
nrows         200
xllcorner     399900.0
yllcorner     5999900.0
cellsize      1.0
NODATA_value  -9999
[rows 136 to 169 of 200, columns 0 to 76 of 200]
115.0 115.0 115.1 115.1 115.2 115.3 115.3 115.4 115.4 115.5 115.6 115.6 115.7 115.7 115.8 115.9 115.9 116.0 116.0 116.1 116.2 116.2 116.3 116.3 116.4 116.5 116.5 116.6 116.6 116.7 116.8 116.8 116.9 116.9 117.0 117.1 117.1 117.2 117.2 117.3 117.4 117.4 117.5 117.5 117.6 117.7 117.7 117.8 117.8 117.9 118.0 118.0 118.1 118.1 118.2 118.3 118.3 118.4 118.4 118.5 118.6 118.6 118.7 118.7 118.8 118.9 118.9 119.0 119.0 119.1 119.2 119.2 119.3 119.3 119.4 119.5 119.5
115.1 115.1 115.2 115.3 115.3 115.4 115.4 115.5 115.6 115.6 115.7 115.7 115.8 115.9 115.9 116.0 116.0 116.1 116.2 116.2 116.3 116.3 116.4 116.5 116.5 116.6 116.6 116.7 116.8 116.8 116.9 116.9 117.0 117.1 117.1 117.2 117.2 117.3 117.4 117.4 117.5 117.5 117.6 117.7 117.7 117.8 117.8 117.9 118.0 118.0 118.1 118.1 118.2 118.3 118.3 118.4 118.4 118.5 118.6 118.6 118.7 118.7 118.8 118.9 118.9 119.0 119.0 119.1 119.2 119.2 119.3 119.3 119.4 119.5 119.5 119.6 119.6
115.2 115.2 115.3 115.4 115.4 115.5 115.5 115.6 115.7 115.7 115.8 115.8 115.9 116.0 116.0 116.1 116.1 116.2 116.3 116.3 116.4 116.4 116.5 116.6 116.6 116.7 116.7 116.8 116.9 116.9 117.0 117.0 117.1 117.2 117.2 117.3 117.3 117.4 117.5 117.5 117.6 117.6 117.7 117.8 117.8 117.9 117.9 118.0 118.1 118.1 118.2 118.2 118.3 118.4 118.4 118.5 118.5 118.6 118.7 118.7 118.8 118.8 118.9 119.0 119.0 119.1 119.1 119.2 119.3 119.3 119.4 119.4 119.5 119.6 119.6 119.7 119.7
115.3 115.4 115.4 115.5 115.5 115.6 115.7 115.7 115.8 115.8 115.9 116.0 116.0 116.1 116.1 116.2 116.2 116.3 116.4 116.4 116.5 116.5 116.6 116.7 116.7 116.8 116.9 116.9 117.0 117.0 117.1 117.2 117.2 117.3 117.3 117.4 117.5 117.5 117.6 117.6 117.7 117.8 117.8 117.9 117.9 118.0 118.0 118.1 118.2 118.2 118.3 118.4 118.4 118.5 118.5 118.6 118.7 118.7 118.8 118.8 118.9 119.0 119.0 119.1 119.1 119.2 119.2 119.3 119.4 119.4 119.5 119.5 119.6 119.7 119.7 119.8 119.9
115.4 115.5 115.5 115.6 115.6 115.7 115.8 115.8 115.9 115.9 116.0 116.1 116.1 116.2 116.2 116.3 116.4 116.4 116.5 116.5 116.6 116.7 116.7 116.8 116.8 116.9 117.0 117.0 117.1 117.1 117.2 117.3 117.3 117.4 117.4 117.5 117.6 117.6 117.7 117.7 117.8 117.9 117.9 118.0 118.0 118.1 118.2 118.2 118.3 118.3 118.4 118.5 118.5 118.6 118.6 118.7 118.8 118.8 118.9 118.9 119.0 119.1 119.1 119.2 119.2 119.3 119.4 119.4 119.5 119.5 119.6 119.7 119.7 119.8 119.8 119.9 120.0
115.5 115.6 115.6 115.7 115.8 115.8 115.9 115.9 116.0 116.0 116.1 116.2 116.2 116.3 116.3 116.4 116.5 116.5 116.6 116.6 116.7 116.8 116.8 116.9 117.0 117.0 117.1 117.1 117.2 117.2 117.3 117.4 117.4 117.5 117.5 117.6 117.7 117.7 117.8 117.8 117.9 118.0 118.0 118.1 118.1 118.2 118.3 118.3 118.4 118.5 118.5 118.6 118.6 118.7 118.8 118.8 118.9 118.9 119.0 119.0 119.1 119.2 119.2 119.3 119.3 119.4 119.5 119.5 119.6 119.6 119.7 119.8 119.8 119.9 120.0 120.0 120.1
115.6 115.7 115.7 115.8 115.9 115.9 116.0 116.0 116.1 116.2 116.2 116.3 116.3 116.4 116.5 116.5 116.6 116.6 116.7 116.8 116.8 116.9 116.9 117.0 117.1 117.1 117.2 117.2 117.3 117.4 117.4 117.5 117.5 117.6 117.7 117.7 117.8 117.8 117.9 118.0 118.0 118.1 118.1 118.2 118.3 118.3 118.4 118.4 118.5 118.6 118.6 118.7 118.7 118.8 118.9 118.9 119.0 119.0 119.1 119.2 119.2 119.3 119.3 119.4 119.5 119.5 119.6 119.6 119.7 119.8 119.8 119.9 119.9 120.0 120.1 120.1 120.2
115.7 115.8 115.8 115.9 116.0 116.0 116.1 116.1 116.2 116.3 116.3 116.4 116.4 116.5 116.6 116.6 116.7 116.7 116.8 116.9 116.9 117.0 117.0 117.1 117.2 117.2 117.3 117.3 117.4 117.5 117.5 117.6 117.6 117.7 117.8 117.8 117.9 117.9 118.0 118.1 118.1 118.2 118.2 118.3 118.4 118.4 118.5 118.5 118.6 118.7 118.7 118.8 118.8 118.9 119.0 119.0 119.1 119.1 119.2 119.3 119.3 119.4 119.4 119.5 119.6 119.6 119.7 119.7 119.8 119.9 119.9 120.0 120.0 120.1 120.2 120.2 120.3
115.8 115.9 116.0 116.0 116.1 116.1 116.2 116.3 116.3 116.4 116.4 116.5 116.6 116.6 116.7 116.7 116.8 116.9 116.9 117.0 117.0 117.1 117.2 117.2 117.3 117.3 117.4 117.5 117.5 117.6 117.6 117.7 117.8 117.8 117.9 117.9 118.0 118.1 118.1 118.2 118.2 118.3 118.4 118.4 118.5 118.5 118.6 118.7 118.7 118.8 118.8 118.9 119.0 119.0 119.1 119.1 119.2 119.3 119.3 119.4 119.4 119.5 119.6 119.6 119.7 119.7 119.8 119.9 119.9 120.0 120.0 120.1 120.2 120.2 120.3 120.3 120.4
116.0 116.0 116.1 116.1 116.2 116.2 116.3 116.4 116.4 116.5 116.5 116.6 116.7 116.7 116.8 116.8 116.9 117.0 117.0 117.1 117.2 117.2 117.3 117.3 117.4 117.5 117.5 117.6 117.6 117.7 117.8 117.8 117.9 117.9 118.0 118.0 118.1 118.2 118.2 118.3 118.3 118.4 118.5 118.5 118.6 118.7 118.7 118.8 118.8 118.9 119.0 119.0 119.1 119.1 119.2 119.2 119.3 119.4 119.4 119.5 119.5 119.6 119.7 119.7 119.8 119.8 119.9 120.0 120.0 120.1 120.2 120.2 120.3 120.3 120.4 120.5 120.5
116.1 116.1 116.2 116.2 116.3 116.4 116.4 116.5 116.5 116.6 116.7 116.7 116.8 116.8 116.9 117.0 117.0 117.1 117.1 117.2 117.3 117.3 117.4 117.4 117.5 117.6 117.6 117.7 117.7 117.8 117.9 117.9 118.0 118.0 118.1 118.2 118.2 118.3 118.3 118.4 118.5 118.5 118.6 118.6 118.7 118.8 118.8 118.9 118.9 119.0 119.1 119.1 119.2 119.2 119.3 119.4 119.4 119.5 119.5 119.6 119.7 119.7 119.8 119.8 119.9 120.0 120.0 120.1 120.1 120.2 120.3 120.3 120.4 120.4 120.5 120.6 120.6
116.2 116.2 116.3 116.4 116.4 116.5 116.5 116.6 116.7 116.7 116.8 116.8 116.9 117.0 117.0 117.1 117.1 117.2 117.3 117.3 117.4 117.4 117.5 117.6 117.6 117.7 117.7 117.8 117.9 117.9 118.0 118.0 118.1 118.2 118.2 118.3 118.3 118.4 118.5 118.5 118.6 118.6 118.7 118.8 118.8 118.9 118.9 119.0 119.1 119.1 119.2 119.2 119.3 119.4 119.4 119.5 119.5 119.6 119.7 119.7 119.8 119.8 119.9 120.0 120.0 120.1 120.1 120.2 120.3 120.3 120.4 120.4 120.5 120.6 120.6 120.7 120.7
116.3 116.3 116.4 116.5 116.5 116.6 116.6 116.7 116.8 116.8 116.9 116.9 117.0 117.1 117.1 117.2 117.2 117.3 117.4 117.4 117.5 117.5 117.6 117.7 117.7 117.8 117.8 117.9 118.0 118.0 118.1 118.1 118.2 118.3 118.3 118.4 118.4 118.5 118.6 118.6 118.7 118.7 118.8 118.9 118.9 119.0 119.0 119.1 119.2 119.2 119.3 119.3 119.4 119.5 119.5 119.6 119.6 119.7 119.8 119.8 119.9 119.9 120.0 120.1 120.1 120.2 120.2 120.3 120.4 120.4 120.5 120.5 120.6 120.7 120.7 120.8 120.8
116.4 116.5 116.5 116.6 116.6 116.7 116.8 116.8 116.9 116.9 117.0 117.0 117.1 117.2 117.2 117.3 117.4 117.4 117.5 117.5 117.6 117.7 117.7 117.8 117.8 117.9 118.0 118.0 118.1 118.1 118.2 118.2 118.3 118.4 118.4 118.5 118.5 118.6 118.7 118.7 118.8 118.9 118.9 119.0 119.0 119.1 119.2 119.2 119.3 119.3 119.4 119.5 119.5 119.6 119.6 119.7 119.8 119.8 119.9 119.9 120.0 120.0 120.1 120.2 120.2 120.3 120.4 120.4 120.5 120.5 120.6 120.7 120.7 120.8 120.8 120.9 121.0
116.5 116.6 116.6 116.7 116.7 116.8 116.9 116.9 117.0 117.0 117.1 117.2 117.2 117.3 117.3 117.4 117.5 117.5 117.6 117.6 117.7 117.8 117.8 117.9 117.9 118.0 118.1 118.1 118.2 118.2 118.3 118.4 118.4 118.5 118.5 118.6 118.7 118.7 118.8 118.8 118.9 119.0 119.0 119.1 119.1 119.2 119.3 119.3 119.4 119.4 119.5 119.6 119.6 119.7 119.7 119.8 119.9 119.9 120.0 120.0 120.1 120.2 120.2 120.3 120.3 120.4 120.5 120.5 120.6 120.6 120.7 120.8 120.8 120.9 120.9 121.0 121.1
116.6 116.7 116.7 116.8 116.8 116.9 117.0 117.0 117.1 117.1 117.2 117.3 117.3 117.4 117.5 117.5 117.6 117.6 117.7 117.8 117.8 117.9 117.9 118.0 118.0 118.1 118.2 118.2 118.3 118.3 118.4 118.5 118.5 118.6 118.6 118.7 118.8 118.8 118.9 119.0 119.0 119.1 119.1 119.2 119.2 119.3 119.4 119.4 119.5 119.5 119.6 119.7 119.7 119.8 119.8 119.9 120.0 120.0 120.1 120.1 120.2 120.3 120.3 120.4 120.5 120.5 120.6 120.6 120.7 120.8 120.8 120.9 120.9 121.0 121.0 121.1 121.2
116.7 116.8 116.8 116.9 117.0 117.0 117.1 117.1 117.2 117.3 117.3 117.4 117.4 117.5 117.6 117.6 117.7 117.7 117.8 117.9 117.9 118.0 118.0 118.1 118.2 118.2 118.3 118.3 118.4 118.5 118.5 118.6 118.6 118.7 118.8 118.8 118.9 118.9 119.0 119.1 119.1 119.2 119.2 119.3 119.4 119.4 119.5 119.5 119.6 119.7 119.7 119.8 119.8 119.9 120.0 120.0 120.1 120.1 120.2 120.3 120.3 120.4 120.4 120.5 120.6 120.6 120.7 120.7 120.8 120.9 120.9 121.0 121.0 121.1 121.2 121.2 121.3
116.8 116.9 116.9 117.0 117.1 117.1 117.2 117.2 117.3 117.4 117.4 117.5 117.5 117.6 117.7 117.7 117.8 117.8 117.9 118.0 118.0 118.1 118.1 118.2 118.3 118.3 118.4 118.4 118.5 118.6 118.6 118.7 118.7 118.8 118.9 118.9 119.0 119.0 119.1 119.2 119.2 119.3 119.3 119.4 119.5 119.5 119.6 119.6 119.7 119.8 119.8 119.9 119.9 120.0 120.1 120.1 120.2 120.2 120.3 120.4 120.4 120.5 120.5 120.6 120.7 120.7 120.8 120.8 120.9 121.0 121.0 121.1 121.1 121.2 121.3 121.3 121.4
116.9 117.0 117.1 117.1 117.2 117.2 117.3 117.4 117.4 117.5 117.5 117.6 117.7 117.7 117.8 117.8 117.9 118.0 118.0 118.1 118.1 118.2 118.3 118.3 118.4 118.4 118.5 118.6 118.6 118.7 118.7 118.8 118.9 118.9 119.0 119.0 119.1 119.2 119.2 119.3 119.3 119.4 119.5 119.5 119.6 119.6 119.7 119.8 119.8 119.9 119.9 120.0 120.1 120.1 120.2 120.2 120.3 120.4 120.4 120.5 120.5 120.6 120.7 120.7 120.8 120.8 120.9 121.0 121.0 121.1 121.1 121.2 121.3 121.3 121.4 121.4 121.5
117.0 117.1 117.2 117.2 117.3 117.3 117.4 117.5 117.5 117.6 117.7 117.7 117.8 117.8 117.9 118.0 118.0 118.1 118.1 118.2 118.2 118.3 118.4 118.4 118.5 118.5 118.6 118.7 118.7 118.8 118.8 118.9 119.0 119.0 119.1 119.2 119.2 119.3 119.3 119.4 119.5 119.5 119.6 119.6 119.7 119.8 119.8 119.9 119.9 120.0 120.0 120.1 120.2 120.2 120.3 120.3 120.4 120.5 120.5 120.6 120.7 120.7 120.8 120.8 120.9 121.0 121.0 121.1 121.1 121.2 121.2 121.3 121.4 121.4 121.5 121.5 121.6
117.2 117.2 117.3 117.3 117.4 117.5 117.5 117.6 117.6 117.7 117.8 117.8 117.9 117.9 118.0 118.1 118.1 118.2 118.2 118.3 118.4 118.4 118.5 118.5 118.6 118.7 118.7 118.8 118.8 118.9 119.0 119.0 119.1 119.1 119.2 119.3 119.3 119.4 119.4 119.5 119.6 119.6 119.7 119.7 119.8 119.9 119.9 120.0 120.0 120.1 120.2 120.2 120.3 120.3 120.4 120.5 120.5 120.6 120.6 120.7 120.8 120.8 120.9 120.9 121.0 121.1 121.1 121.2 121.2 121.3 121.4 121.4 121.5 121.5 121.6 121.7 121.7
117.3 117.3 117.4 117.5 117.5 117.6 117.6 117.7 117.8 117.8 117.9 117.9 118.0 118.1 118.1 118.2 118.2 118.3 118.4 118.4 118.5 118.5 118.6 118.7 118.7 118.8 118.8 118.9 119.0 119.0 119.1 119.1 119.2 119.3 119.3 119.4 119.4 119.5 119.6 119.6 119.7 119.7 119.8 119.9 119.9 120.0 120.0 120.1 120.2 120.2 120.3 120.3 120.4 120.5 120.5 120.6 120.6 120.7 120.8 120.8 120.9 120.9 121.0 121.1 121.1 121.2 121.2 121.3 121.4 121.4 121.5 121.5 121.6 121.7 121.7 121.8 121.8
117.4 117.4 117.5 117.6 117.6 117.7 117.7 117.8 117.9 117.9 118.0 118.0 118.1 118.2 118.2 118.3 118.3 118.4 118.5 118.5 118.6 118.6 118.7 118.8 118.8 118.9 118.9 119.0 119.1 119.1 119.2 119.2 119.3 119.4 119.4 119.5 119.5 119.6 119.7 119.7 119.8 119.8 119.9 120.0 120.0 120.1 120.1 120.2 120.3 120.3 120.4 120.4 120.5 120.6 120.6 120.7 120.7 120.8 120.9 120.9 121.0 121.0 121.1 121.2 121.2 121.3 121.3 121.4 121.5 121.5 121.6 121.6 121.7 121.8 121.8 121.9 121.9
117.5 117.5 117.6 117.7 117.7 117.8 117.9 117.9 118.0 118.0 118.1 118.2 118.2 118.3 118.3 118.4 118.5 118.5 118.6 118.6 118.7 118.8 118.8 118.9 118.9 119.0 119.0 119.1 119.2 119.2 119.3 119.4 119.4 119.5 119.5 119.6 119.7 119.7 119.8 119.8 119.9 120.0 120.0 120.1 120.1 120.2 120.2 120.3 120.4 120.4 120.5 120.5 120.6 120.7 120.7 120.8 120.9 120.9 121.0 121.0 121.1 121.2 121.2 121.3 121.3 121.4 121.5 121.5 121.6 121.6 121.7 121.8 121.8 121.9 121.9 122.0 122.0
117.6 117.7 117.7 117.8 117.8 117.9 118.0 118.0 118.1 118.1 118.2 118.3 118.3 118.4 118.4 118.5 118.6 118.6 118.7 118.7 118.8 118.9 118.9 119.0 119.0 119.1 119.2 119.2 119.3 119.3 119.4 119.5 119.5 119.6 119.6 119.7 119.8 119.8 119.9 119.9 120.0 120.1 120.1 120.2 120.2 120.3 120.4 120.4 120.5 120.5 120.6 120.7 120.7 120.8 120.8 120.9 121.0 121.0 121.1 121.1 121.2 121.3 121.3 121.4 121.4 121.5 121.6 121.6 121.7 121.7 121.8 121.9 121.9 122.0 122.0 122.1 122.2
117.7 117.8 117.8 117.9 118.0 118.0 118.1 118.1 118.2 118.2 118.3 118.4 118.4 118.5 118.5 118.6 118.7 118.7 118.8 118.8 118.9 119.0 119.0 119.1 119.1 119.2 119.3 119.3 119.4 119.5 119.5 119.6 119.6 119.7 119.8 119.8 119.9 119.9 120.0 120.0 120.1 120.2 120.2 120.3 120.3 120.4 120.5 120.5 120.6 120.6 120.7 120.8 120.8 120.9 121.0 121.0 121.1 121.1 121.2 121.2 121.3 121.4 121.4 121.5 121.5 121.6 121.7 121.7 121.8 121.8 121.9 122.0 122.0 122.1 122.1 122.2 122.3
117.8 117.9 117.9 118.0 118.1 118.1 118.2 118.2 118.3 118.4 118.4 118.5 118.5 118.6 118.7 118.7 118.8 118.8 118.9 119.0 119.0 119.1 119.1 119.2 119.3 119.3 119.4 119.4 119.5 119.6 119.6 119.7 119.7 119.8 119.9 119.9 120.0 120.0 120.1 120.2 120.2 120.3 120.3 120.4 120.5 120.5 120.6 120.6 120.7 120.8 120.8 120.9 120.9 121.0 121.1 121.1 121.2 121.2 121.3 121.4 121.4 121.5 121.5 121.6 121.7 121.7 121.8 121.8 121.9 122.0 122.0 122.1 122.1 122.2 122.3 122.3 122.4
117.9 118.0 118.0 118.1 118.2 118.2 118.3 118.3 118.4 118.5 118.5 118.6 118.6 118.7 118.8 118.8 118.9 118.9 119.0 119.1 119.1 119.2 119.2 119.3 119.4 119.4 119.5 119.5 119.6 119.7 119.7 119.8 119.8 119.9 120.0 120.0 120.1 120.1 120.2 120.3 120.3 120.4 120.4 120.5 120.6 120.6 120.7 120.7 120.8 120.9 120.9 121.0 121.0 121.1 121.2 121.2 121.3 121.3 121.4 121.5 121.5 121.6 121.6 121.7 121.8 121.8 121.9 121.9 122.0 122.1 122.1 122.2 122.2 122.3 122.4 122.4 122.5
118.0 118.1 118.2 118.2 118.3 118.3 118.4 118.5 118.5 118.6 118.6 118.7 118.8 118.8 118.9 118.9 119.0 119.1 119.1 119.2 119.2 119.3 119.4 119.4 119.5 119.5 119.6 119.7 119.7 119.8 119.8 119.9 120.0 120.0 120.1 120.1 120.2 120.3 120.3 120.4 120.4 120.5 120.6 120.6 120.7 120.7 120.8 120.9 120.9 121.0 121.0 121.1 121.2 121.2 121.3 121.3 121.4 121.5 121.5 121.6 121.6 121.7 121.8 121.8 121.9 121.9 122.0 122.1 122.1 122.2 122.2 122.3 122.4 122.4 122.5 122.5 122.6
118.2 118.2 118.3 118.3 118.4 118.5 118.5 118.6 118.6 118.7 118.8 118.8 118.9 118.9 119.0 119.0 119.1 119.2 119.2 119.3 119.3 119.4 119.5 119.5 119.6 119.7 119.7 119.8 119.8 119.9 120.0 120.0 120.1 120.1 120.2 120.2 120.3 120.4 120.4 120.5 120.5 120.6 120.7 120.7 120.8 120.8 120.9 121.0 121.0 121.1 121.2 121.2 121.3 121.3 121.4 121.5 121.5 121.6 121.6 121.7 121.8 121.8 121.9 121.9 122.0 122.0 122.1 122.2 122.2 122.3 122.3 122.4 122.5 122.5 122.6 122.7 122.7
118.3 118.3 118.4 118.4 118.5 118.6 118.6 118.7 118.7 118.8 118.9 118.9 119.0 119.0 119.1 119.2 119.2 119.3 119.3 119.4 119.5 119.5 119.6 119.6 119.7 119.8 119.8 119.9 119.9 120.0 120.1 120.1 120.2 120.2 120.3 120.4 120.4 120.5 120.5 120.6 120.7 120.7 120.8 120.8 120.9 121.0 121.0 121.1 121.1 121.2 121.3 121.3 121.4 121.4 121.5 121.6 121.6 121.7 121.7 121.8 121.9 121.9 122.0 122.0 122.1 122.2 122.2 122.3 122.3 122.4 122.5 122.5 122.6 122.6 122.7 122.8 122.8
118.4 118.4 118.5 118.6 118.6 118.7 118.7 118.8 118.9 118.9 119.0 119.0 119.1 119.2 119.2 119.3 119.3 119.4 119.5 119.5 119.6 119.6 119.7 119.8 119.8 119.9 119.9 120.0 120.1 120.1 120.2 120.2 120.3 120.4 120.4 120.5 120.5 120.6 120.7 120.7 120.8 120.8 120.9 121.0 121.0 121.1 121.1 121.2 121.3 121.3 121.4 121.4 121.5 121.6 121.6 121.7 121.7 121.8 121.9 121.9 122.0 122.0 122.1 122.2 122.2 122.3 122.3 122.4 122.5 122.5 122.6 122.6 122.7 122.8 122.8 122.9 122.9
118.5 118.5 118.6 118.7 118.7 118.8 118.8 118.9 119.0 119.0 119.1 119.1 119.2 119.3 119.3 119.4 119.4 119.5 119.6 119.6 119.7 119.7 119.8 119.9 119.9 120.0 120.0 120.1 120.2 120.2 120.3 120.3 120.4 120.5 120.5 120.6 120.6 120.7 120.8 120.8 120.9 120.9 121.0 121.1 121.1 121.2 121.2 121.3 121.4 121.4 121.5 121.5 121.6 121.7 121.7 121.8 121.8 121.9 122.0 122.0 122.1 122.1 122.2 122.3 122.3 122.4 122.4 122.5 122.6 122.6 122.7 122.7 122.8 122.9 122.9 123.0 123.0
118.6 118.7 118.7 118.8 118.8 118.9 119.0 119.0 119.1 119.1 119.2 119.2 119.3 119.4 119.4 119.5 119.5 119.6 119.7 119.7 119.8 119.9 119.9 120.0 120.0 120.1 120.2 120.2 120.3 120.3 120.4 120.5 120.5 120.6 120.6 120.7 120.8 120.8 120.9 120.9 121.0 121.0 121.1 121.2 121.2 121.3 121.4 121.4 121.5 121.5 121.6 121.7 121.7 121.8 121.8 121.9 122.0 122.0 122.1 122.1 122.2 122.2 122.3 122.4 122.4 122.5 122.5 122.6 122.7 122.7 122.8 122.9 122.9 123.0 123.0 123.1 123.2
