data/sample_dem.asc
ncols         200
nrows         200
xllcorner     399900.0
yllcorner     5999900.0
cellsize      1.0
NODATA_value  -9999
[rows 0 to 33 of 200, columns 77 to 153 of 200]
104.6 104.7 104.7 104.8 104.9 104.9 105.0 105.0 105.1 105.2 105.2 105.3 105.3 105.4 105.5 105.5 105.6 105.6 105.7 105.8 105.8 105.9 105.9 106.0 106.1 106.1 106.2 106.2 106.3 106.4 106.4 106.5 106.5 106.6 106.7 106.7 106.8 106.8 106.9 107.0 107.0 107.1 107.1 107.2 107.3 107.3 107.4 107.4 107.5 107.6 107.6 107.7 107.7 107.8 107.9 107.9 108.0 108.0 108.1 108.2 108.2 108.3 108.3 108.4 108.5 108.5 108.6 108.6 108.7 108.8 108.8 108.9 108.9 109.0 109.1 109.1 109.2
104.7 104.8 104.8 104.9 105.0 105.0 105.1 105.1 105.2 105.3 105.3 105.4 105.5 105.5 105.6 105.6 105.7 105.8 105.8 105.9 105.9 106.0 106.0 106.1 106.2 106.2 106.3 106.3 106.4 106.5 106.5 106.6 106.6 106.7 106.8 106.8 106.9 107.0 107.0 107.1 107.1 107.2 107.2 107.3 107.4 107.4 107.5 107.5 107.6 107.7 107.7 107.8 107.8 107.9 108.0 108.0 108.1 108.1 108.2 108.3 108.3 108.4 108.5 108.5 108.6 108.6 108.7 108.8 108.8 108.9 108.9 109.0 109.0 109.1 109.2 109.2 109.3
104.8 104.9 105.0 105.0 105.1 105.1 105.2 105.3 105.3 105.4 105.4 105.5 105.6 105.6 105.7 105.7 105.8 105.9 105.9 106.0 106.0 106.1 106.2 106.2 106.3 106.3 106.4 106.5 106.5 106.6 106.6 106.7 106.8 106.8 106.9 106.9 107.0 107.1 107.1 107.2 107.2 107.3 107.4 107.4 107.5 107.5 107.6 107.7 107.7 107.8 107.8 107.9 108.0 108.0 108.1 108.1 108.2 108.3 108.3 108.4 108.4 108.5 108.6 108.6 108.7 108.7 108.8 108.9 108.9 109.0 109.0 109.1 109.2 109.2 109.3 109.3 109.4
104.9 105.0 105.1 105.1 105.2 105.2 105.3 105.4 105.4 105.5 105.5 105.6 105.7 105.7 105.8 105.8 105.9 106.0 106.0 106.1 106.1 106.2 106.3 106.3 106.4 106.4 106.5 106.6 106.6 106.7 106.7 106.8 106.9 106.9 107.0 107.0 107.1 107.2 107.2 107.3 107.3 107.4 107.5 107.5 107.6 107.6 107.7 107.8 107.8 107.9 107.9 108.0 108.1 108.1 108.2 108.2 108.3 108.4 108.4 108.5 108.5 108.6 108.7 108.7 108.8 108.8 108.9 109.0 109.0 109.1 109.1 109.2 109.3 109.3 109.4 109.4 109.5
105.1 105.1 105.2 105.2 105.3 105.4 105.4 105.5 105.5 105.6 105.7 105.7 105.8 105.8 105.9 106.0 106.0 106.1 106.1 106.2 106.3 106.3 106.4 106.4 106.5 106.6 106.6 106.7 106.7 106.8 106.9 106.9 107.0 107.0 107.1 107.2 107.2 107.3 107.3 107.4 107.5 107.5 107.6 107.6 107.7 107.8 107.8 107.9 107.9 108.0 108.1 108.1 108.2 108.2 108.3 108.4 108.4 108.5 108.5 108.6 108.7 108.7 108.8 108.8 108.9 109.0 109.0 109.1 109.1 109.2 109.3 109.3 109.4 109.4 109.5 109.6 109.6
105.2 105.2 105.3 105.3 105.4 105.5 105.5 105.6 105.7 105.7 105.8 105.8 105.9 106.0 106.0 106.1 106.1 106.2 106.2 106.3 106.4 106.4 106.5 106.5 106.6 106.7 106.7 106.8 106.8 106.9 107.0 107.0 107.1 107.2 107.2 107.3 107.3 107.4 107.5 107.5 107.6 107.6 107.7 107.8 107.8 107.9 107.9 108.0 108.0 108.1 108.2 108.2 108.3 108.3 108.4 108.5 108.5 108.6 108.7 108.7 108.8 108.8 108.9 109.0 109.0 109.1 109.1 109.2 109.2 109.3 109.4 109.4 109.5 109.5 109.6 109.7 109.7
105.3 105.3 105.4 105.5 105.5 105.6 105.6 105.7 105.8 105.8 105.9 105.9 106.0 106.1 106.1 106.2 106.2 106.3 106.4 106.4 106.5 106.5 106.6 106.7 106.7 106.8 106.8 106.9 107.0 107.0 107.1 107.1 107.2 107.3 107.3 107.4 107.4 107.5 107.6 107.6 107.7 107.7 107.8 107.9 107.9 108.0 108.0 108.1 108.2 108.2 108.3 108.3 108.4 108.5 108.5 108.6 108.6 108.7 108.8 108.8 108.9 108.9 109.0 109.1 109.1 109.2 109.2 109.3 109.4 109.4 109.5 109.5 109.6 109.7 109.7 109.8 109.8
105.4 105.5 105.5 105.6 105.6 105.7 105.8 105.8 105.9 105.9 106.0 106.1 106.1 106.2 106.2 106.3 106.4 106.4 106.5 106.5 106.6 106.7 106.7 106.8 106.8 106.9 107.0 107.0 107.1 107.1 107.2 107.3 107.3 107.4 107.4 107.5 107.6 107.6 107.7 107.7 107.8 107.9 107.9 108.0 108.0 108.1 108.2 108.2 108.3 108.3 108.4 108.5 108.5 108.6 108.6 108.7 108.8 108.8 108.9 108.9 109.0 109.1 109.1 109.2 109.2 109.3 109.4 109.4 109.5 109.5 109.6 109.7 109.7 109.8 109.8 109.9 110.0
105.5 105.6 105.6 105.7 105.7 105.8 105.9 105.9 106.0 106.0 106.1 106.2 106.2 106.3 106.3 106.4 106.5 106.5 106.6 106.6 106.7 106.8 106.8 106.9 106.9 107.0 107.1 107.1 107.2 107.2 107.3 107.4 107.4 107.5 107.5 107.6 107.7 107.7 107.8 107.8 107.9 108.0 108.0 108.1 108.1 108.2 108.3 108.3 108.4 108.4 108.5 108.6 108.6 108.7 108.7 108.8 108.9 108.9 109.0 109.0 109.1 109.2 109.2 109.3 109.3 109.4 109.5 109.5 109.6 109.6 109.7 109.8 109.8 109.9 109.9 110.0 110.1
105.6 105.7 105.7 105.8 105.9 105.9 106.0 106.0 106.1 106.2 106.2 106.3 106.3 106.4 106.5 106.5 106.6 106.6 106.7 106.8 106.8 106.9 106.9 107.0 107.0 107.1 107.2 107.2 107.3 107.4 107.4 107.5 107.5 107.6 107.7 107.7 107.8 107.8 107.9 108.0 108.0 108.1 108.1 108.2 108.2 108.3 108.4 108.4 108.5 108.5 108.6 108.7 108.7 108.8 108.9 108.9 109.0 109.0 109.1 109.2 109.2 109.3 109.3 109.4 109.5 109.5 109.6 109.6 109.7 109.8 109.8 109.9 109.9 110.0 110.0 110.1 110.2
105.7 105.8 105.8 105.9 106.0 106.0 106.1 106.1 106.2 106.3 106.3 106.4 106.4 106.5 106.6 106.6 106.7 106.7 106.8 106.9 106.9 107.0 107.0 107.1 107.2 107.2 107.3 107.3 107.4 107.5 107.5 107.6 107.6 107.7 107.8 107.8 107.9 107.9 108.0 108.1 108.1 108.2 108.2 108.3 108.4 108.4 108.5 108.5 108.6 108.7 108.7 108.8 108.8 108.9 109.0 109.0 109.1 109.1 109.2 109.3 109.3 109.4 109.4 109.5 109.6 109.6 109.7 109.7 109.8 109.9 109.9 110.0 110.0 110.1 110.2 110.2 110.3
105.8 105.9 106.0 106.0 106.1 106.1 106.2 106.2 106.3 106.4 106.4 106.5 106.5 106.6 106.7 106.7 106.8 106.8 106.9 107.0 107.0 107.1 107.1 107.2 107.3 107.3 107.4 107.5 107.5 107.6 107.6 107.7 107.8 107.8 107.9 107.9 108.0 108.0 108.1 108.2 108.2 108.3 108.3 108.4 108.5 108.5 108.6 108.6 108.7 108.8 108.8 108.9 109.0 109.0 109.1 109.1 109.2 109.2 109.3 109.4 109.4 109.5 109.5 109.6 109.7 109.7 109.8 109.8 109.9 110.0 110.0 110.1 110.1 110.2 110.3 110.3 110.4
105.9 106.0 106.1 106.1 106.2 106.2 106.3 106.4 106.4 106.5 106.5 106.6 106.7 106.7 106.8 106.8 106.9 107.0 107.0 107.1 107.1 107.2 107.3 107.3 107.4 107.4 107.5 107.6 107.6 107.7 107.7 107.8 107.9 107.9 108.0 108.0 108.1 108.2 108.2 108.3 108.3 108.4 108.5 108.5 108.6 108.6 108.7 108.8 108.8 108.9 108.9 109.0 109.1 109.1 109.2 109.2 109.3 109.4 109.4 109.5 109.5 109.6 109.7 109.7 109.8 109.8 109.9 110.0 110.0 110.1 110.1 110.2 110.3 110.3 110.4 110.4 110.5
106.0 106.1 106.2 106.2 106.3 106.3 106.4 106.5 106.5 106.6 106.6 106.7 106.8 106.8 106.9 106.9 107.0 107.1 107.1 107.2 107.2 107.3 107.4 107.4 107.5 107.5 107.6 107.7 107.7 107.8 107.8 107.9 108.0 108.0 108.1 108.1 108.2 108.3 108.3 108.4 108.4 108.5 108.6 108.6 108.7 108.7 108.8 108.9 108.9 109.0 109.0 109.1 109.2 109.2 109.3 109.3 109.4 109.5 109.5 109.6 109.6 109.7 109.8 109.8 109.9 109.9 110.0 110.1 110.1 110.2 110.2 110.3 110.4 110.4 110.5 110.5 110.6
106.2 106.2 106.3 106.3 106.4 106.5 106.5 106.6 106.6 106.7 106.8 106.8 106.9 106.9 107.0 107.1 107.1 107.2 107.2 107.3 107.4 107.4 107.5 107.5 107.6 107.7 107.7 107.8 107.8 107.9 108.0 108.0 108.1 108.1 108.2 108.3 108.3 108.4 108.4 108.5 108.6 108.6 108.7 108.7 108.8 108.9 108.9 109.0 109.0 109.1 109.2 109.2 109.3 109.3 109.4 109.5 109.5 109.6 109.6 109.7 109.8 109.8 109.9 109.9 110.0 110.1 110.1 110.2 110.2 110.3 110.4 110.4 110.5 110.5 110.6 110.7 110.7
106.3 106.3 106.4 106.5 106.5 106.6 106.6 106.7 106.8 106.8 106.9 106.9 107.0 107.0 107.1 107.2 107.2 107.3 107.3 107.4 107.5 107.5 107.6 107.7 107.7 107.8 107.8 107.9 108.0 108.0 108.1 108.1 108.2 108.2 108.3 108.4 108.4 108.5 108.5 108.6 108.7 108.7 108.8 108.8 108.9 109.0 109.0 109.1 109.2 109.2 109.3 109.3 109.4 109.5 109.5 109.6 109.6 109.7 109.8 109.8 109.9 109.9 110.0 110.0 110.1 110.2 110.2 110.3 110.3 110.4 110.5 110.5 110.6 110.7 110.7 110.8 110.8
106.4 106.4 106.5 106.6 106.6 106.7 106.7 106.8 106.9 106.9 107.0 107.0 107.1 107.2 107.2 107.3 107.3 107.4 107.5 107.5 107.6 107.6 107.7 107.8 107.8 107.9 107.9 108.0 108.1 108.1 108.2 108.2 108.3 108.4 108.4 108.5 108.5 108.6 108.7 108.7 108.8 108.8 108.9 109.0 109.0 109.1 109.1 109.2 109.3 109.3 109.4 109.4 109.5 109.6 109.6 109.7 109.7 109.8 109.9 109.9 110.0 110.0 110.1 110.2 110.2 110.3 110.3 110.4 110.5 110.5 110.6 110.6 110.7 110.8 110.8 110.9 110.9
106.5 106.6 106.6 106.7 106.7 106.8 106.9 106.9 107.0 107.0 107.1 107.2 107.2 107.3 107.3 107.4 107.5 107.5 107.6 107.6 107.7 107.8 107.8 107.9 107.9 108.0 108.1 108.1 108.2 108.2 108.3 108.4 108.4 108.5 108.5 108.6 108.7 108.7 108.8 108.8 108.9 109.0 109.0 109.1 109.1 109.2 109.3 109.3 109.4 109.4 109.5 109.6 109.6 109.7 109.7 109.8 109.9 109.9 110.0 110.0 110.1 110.2 110.2 110.3 110.3 110.4 110.5 110.5 110.6 110.6 110.7 110.8 110.8 110.9 110.9 111.0 111.1
106.6 106.7 106.7 106.8 106.8 106.9 107.0 107.0 107.1 107.1 107.2 107.3 107.3 107.4 107.4 107.5 107.6 107.6 107.7 107.7 107.8 107.9 107.9 108.0 108.0 108.1 108.2 108.2 108.3 108.3 108.4 108.5 108.5 108.6 108.6 108.7 108.8 108.8 108.9 108.9 109.0 109.1 109.1 109.2 109.2 109.3 109.4 109.4 109.5 109.5 109.6 109.7 109.7 109.8 109.8 109.9 110.0 110.0 110.1 110.1 110.2 110.3 110.3 110.4 110.4 110.5 110.6 110.6 110.7 110.7 110.8 110.9 110.9 111.0 111.0 111.1 111.2
106.7 106.8 106.8 106.9 107.0 107.0 107.1 107.1 107.2 107.2 107.3 107.4 107.4 107.5 107.5 107.6 107.7 107.7 107.8 107.9 107.9 108.0 108.0 108.1 108.2 108.2 108.3 108.3 108.4 108.5 108.5 108.6 108.6 108.7 108.8 108.8 108.9 108.9 109.0 109.0 109.1 109.2 109.2 109.3 109.4 109.4 109.5 109.5 109.6 109.7 109.7 109.8 109.8 109.9 110.0 110.0 110.1 110.1 110.2 110.2 110.3 110.4 110.4 110.5 110.5 110.6 110.7 110.7 110.8 110.9 110.9 111.0 111.0 111.1 111.2 111.2 111.3
106.8 106.9 106.9 107.0 107.1 107.1 107.2 107.2 107.3 107.4 107.4 107.5 107.5 107.6 107.7 107.7 107.8 107.8 107.9 108.0 108.0 108.1 108.1 108.2 108.3 108.3 108.4 108.4 108.5 108.6 108.6 108.7 108.7 108.8 108.9 108.9 109.0 109.0 109.1 109.2 109.2 109.3 109.3 109.4 109.5 109.5 109.6 109.6 109.7 109.8 109.8 109.9 109.9 110.0 110.1 110.1 110.2 110.2 110.3 110.4 110.4 110.5 110.5 110.6 110.7 110.7 110.8 110.8 110.9 111.0 111.0 111.1 111.1 111.2 111.3 111.3 111.4
106.9 107.0 107.0 107.1 107.2 107.2 107.3 107.3 107.4 107.5 107.5 107.6 107.6 107.7 107.8 107.8 107.9 108.0 108.0 108.1 108.1 108.2 108.2 108.3 108.4 108.4 108.5 108.5 108.6 108.7 108.7 108.8 108.8 108.9 109.0 109.0 109.1 109.1 109.2 109.3 109.3 109.4 109.5 109.5 109.6 109.6 109.7 109.8 109.8 109.9 109.9 110.0 110.0 110.1 110.2 110.2 110.3 110.3 110.4 110.5 110.5 110.6 110.6 110.7 110.8 110.8 110.9 111.0 111.0 111.1 111.1 111.2 111.2 111.3 111.4 111.4 111.5
107.0 107.1 107.2 107.2 107.3 107.3 107.4 107.5 107.5 107.6 107.6 107.7 107.8 107.8 107.9 107.9 108.0 108.1 108.1 108.2 108.2 108.3 108.4 108.4 108.5 108.5 108.6 108.7 108.7 108.8 108.8 108.9 109.0 109.0 109.1 109.1 109.2 109.3 109.3 109.4 109.4 109.5 109.6 109.6 109.7 109.7 109.8 109.9 109.9 110.0 110.0 110.1 110.2 110.2 110.3 110.3 110.4 110.5 110.5 110.6 110.6 110.7 110.8 110.8 110.9 110.9 111.0 111.1 111.1 111.2 111.2 111.3 111.4 111.4 111.5 111.5 111.6
107.1 107.2 107.3 107.3 107.4 107.4 107.5 107.6 107.6 107.7 107.7 107.8 107.9 107.9 108.0 108.0 108.1 108.2 108.2 108.3 108.3 108.4 108.5 108.5 108.6 108.6 108.7 108.8 108.8 108.9 108.9 109.0 109.1 109.1 109.2 109.2 109.3 109.4 109.4 109.5 109.5 109.6 109.7 109.7 109.8 109.8 109.9 110.0 110.0 110.1 110.1 110.2 110.3 110.3 110.4 110.4 110.5 110.6 110.6 110.7 110.7 110.8 110.9 110.9 111.0 111.0 111.1 111.2 111.2 111.3 111.3 111.4 111.5 111.5 111.6 111.6 111.7
107.3 107.3 107.4 107.4 107.5 107.6 107.6 107.7 107.7 107.8 107.9 107.9 108.0 108.0 108.1 108.2 108.2 108.3 108.3 108.4 108.5 108.5 108.6 108.6 108.7 108.8 108.8 108.9 108.9 109.0 109.1 109.1 109.2 109.2 109.3 109.4 109.4 109.5 109.5 109.6 109.7 109.7 109.8 109.8 109.9 110.0 110.0 110.1 110.1 110.2 110.3 110.3 110.4 110.4 110.5 110.6 110.6 110.7 110.7 110.8 110.9 110.9 111.0 111.0 111.1 111.2 111.2 111.3 111.3 111.4 111.5 111.5 111.6 111.6 111.7 111.8 111.8
107.4 107.4 107.5 107.5 107.6 107.7 107.7 107.8 107.8 107.9 108.0 108.0 108.1 108.2 108.2 108.3 108.3 108.4 108.5 108.5 108.6 108.6 108.7 108.8 108.8 108.9 108.9 109.0 109.0 109.1 109.2 109.2 109.3 109.3 109.4 109.5 109.5 109.6 109.7 109.7 109.8 109.8 109.9 110.0 110.0 110.1 110.1 110.2 110.2 110.3 110.4 110.4 110.5 110.5 110.6 110.7 110.7 110.8 110.8 110.9 111.0 111.0 111.1 111.2 111.2 111.3 111.3 111.4 111.5 111.5 111.6 111.6 111.7 111.8 111.8 111.9 111.9
107.5 107.5 107.6 107.7 107.7 107.8 107.8 107.9 108.0 108.0 108.1 108.1 108.2 108.3 108.3 108.4 108.4 108.5 108.6 108.6 108.7 108.7 108.8 108.9 108.9 109.0 109.0 109.1 109.2 109.2 109.3 109.3 109.4 109.5 109.5 109.6 109.6 109.7 109.8 109.8 109.9 109.9 110.0 110.1 110.1 110.2 110.2 110.3 110.4 110.4 110.5 110.5 110.6 110.7 110.7 110.8 110.8 110.9 111.0 111.0 111.1 111.1 111.2 111.3 111.3 111.4 111.4 111.5 111.6 111.6 111.7 111.7 111.8 111.9 111.9 112.0 112.0
107.6 107.7 107.7 107.8 107.8 107.9 108.0 108.0 108.1 108.1 108.2 108.3 108.3 108.4 108.4 108.5 108.6 108.6 108.7 108.7 108.8 108.9 108.9 109.0 109.0 109.1 109.2 109.2 109.3 109.3 109.4 109.5 109.5 109.6 109.6 109.7 109.8 109.8 109.9 109.9 110.0 110.1 110.1 110.2 110.2 110.3 110.4 110.4 110.5 110.5 110.6 110.7 110.7 110.8 110.8 110.9 111.0 111.0 111.1 111.1 111.2 111.3 111.3 111.4 111.4 111.5 111.6 111.6 111.7 111.7 111.8 111.9 111.9 112.0 112.0 112.1 112.2
107.7 107.8 107.8 107.9 107.9 108.0 108.1 108.1 108.2 108.2 108.3 108.4 108.4 108.5 108.5 108.6 108.7 108.7 108.8 108.8 108.9 109.0 109.0 109.1 109.1 109.2 109.3 109.3 109.4 109.4 109.5 109.6 109.6 109.7 109.7 109.8 109.9 109.9 110.0 110.0 110.1 110.2 110.2 110.3 110.3 110.4 110.5 110.5 110.6 110.6 110.7 110.8 110.8 110.9 110.9 111.0 111.1 111.1 111.2 111.2 111.3 111.4 111.4 111.5 111.5 111.6 111.7 111.7 111.8 111.8 111.9 112.0 112.0 112.1 112.1 112.2 112.3
107.8 107.9 107.9 108.0 108.0 108.1 108.2 108.2 108.3 108.4 108.4 108.5 108.5 108.6 108.7 108.7 108.8 108.8 108.9 109.0 109.0 109.1 109.1 109.2 109.2 109.3 109.4 109.4 109.5 109.5 109.6 109.7 109.7 109.8 109.9 109.9 110.0 110.0 110.1 110.2 110.2 110.3 110.3 110.4 110.5 110.5 110.6 110.6 110.7 110.8 110.8 110.9 110.9 111.0 111.0 111.1 111.2 111.2 111.3 111.4 111.4 111.5 111.5 111.6 111.7 111.7 111.8 111.8 111.9 112.0 112.0 112.1 112.1 112.2 112.2 112.3 112.4
107.9 108.0 108.0 108.1 108.2 108.2 108.3 108.3 108.4 108.5 108.5 108.6 108.6 108.7 108.8 108.8 108.9 108.9 109.0 109.1 109.1 109.2 109.2 109.3 109.4 109.4 109.5 109.5 109.6 109.7 109.7 109.8 109.8 109.9 110.0 110.0 110.1 110.1 110.2 110.3 110.3 110.4 110.4 110.5 110.6 110.6 110.7 110.7 110.8 110.9 110.9 111.0 111.0 111.1 111.2 111.2 111.3 111.3 111.4 111.5 111.5 111.6 111.6 111.7 111.8 111.8 111.9 111.9 112.0 112.1 112.1 112.2 112.2 112.3 112.4 112.4 112.5
108.0 108.1 108.1 108.2 108.3 108.3 108.4 108.5 108.5 108.6 108.6 108.7 108.8 108.8 108.9 108.9 109.0 109.0 109.1 109.2 109.2 109.3 109.3 109.4 109.5 109.5 109.6 109.6 109.7 109.8 109.8 109.9 110.0 110.0 110.1 110.1 110.2 110.2 110.3 110.4 110.4 110.5 110.5 110.6 110.7 110.7 110.8 110.8 110.9 111.0 111.0 111.1 111.1 111.2 111.3 111.3 111.4 111.5 111.5 111.6 111.6 111.7 111.8 111.8 111.9 111.9 112.0 112.0 112.1 112.2 112.2 112.3 112.3 112.4 112.5 112.5 112.6
108.1 108.2 108.3 108.3 108.4 108.4 108.5 108.6 108.6 108.7 108.7 108.8 108.9 108.9 109.0 109.0 109.1 109.2 109.2 109.3 109.3 109.4 109.5 109.5 109.6 109.6 109.7 109.8 109.8 109.9 109.9 110.0 110.1 110.1 110.2 110.2 110.3 110.4 110.4 110.5 110.5 110.6 110.7 110.7 110.8 110.8 110.9 111.0 111.0 111.1 111.1 111.2 111.3 111.3 111.4 111.4 111.5 111.6 111.6 111.7 111.7 111.8 111.9 111.9 112.0 112.0 112.1 112.2 112.2 112.3 112.3 112.4 112.5 112.5 112.6 112.6 112.7
108.2 108.3 108.4 108.4 108.5 108.5 108.6 108.7 108.7 108.8 108.8 108.9 109.0 109.0 109.1 109.1 109.2 109.3 109.3 109.4 109.4 109.5 109.6 109.6 109.7 109.7 109.8 109.9 109.9 110.0 110.0 110.1 110.2 110.2 110.3 110.3 110.4 110.5 110.5 110.6 110.6 110.7 110.8 110.8 110.9 110.9 111.0 111.1 111.1 111.2 111.2 111.3 111.4 111.4 111.5 111.5 111.6 111.7 111.7 111.8 111.8 111.9 112.0 112.0 112.1 112.1 112.2 112.3 112.3 112.4 112.4 112.5 112.6 112.6 112.7 112.7 112.8
