data/sample_dem.asc
ncols         200
nrows         200
xllcorner     399900.0
yllcorner     5999900.0
cellsize      1.0
NODATA_value  -9999
[rows 0 to 33 of 200, columns 0 to 76 of 200]
100.0 100.1 100.1 100.2 100.2 100.3 100.4 100.4 100.5 100.5 100.6 100.7 100.7 100.8 100.8 100.9 101.0 101.0 101.1 101.1 101.2 101.3 101.3 101.4 101.4 101.5 101.6 101.6 101.7 101.7 101.8 101.9 101.9 102.0 102.0 102.1 102.2 102.2 102.3 102.3 102.4 102.5 102.5 102.6 102.6 102.7 102.8 102.8 102.9 102.9 103.0 103.1 103.1 103.2 103.2 103.3 103.4 103.4 103.5 103.5 103.6 103.7 103.7 103.8 103.8 103.9 104.0 104.0 104.1 104.1 104.2 104.3 104.3 104.4 104.4 104.5 104.6
100.1 100.2 100.2 100.3 100.3 100.4 100.5 100.5 100.6 100.6 100.7 100.8 100.8 100.9 101.0 101.0 101.1 101.1 101.2 101.2 101.3 101.4 101.4 101.5 101.5 101.6 101.7 101.7 101.8 101.8 101.9 102.0 102.0 102.1 102.1 102.2 102.3 102.3 102.4 102.5 102.5 102.6 102.6 102.7 102.8 102.8 102.9 102.9 103.0 103.0 103.1 103.2 103.2 103.3 103.3 103.4 103.5 103.5 103.6 103.6 103.7 103.8 103.8 103.9 104.0 104.0 104.1 104.1 104.2 104.2 104.3 104.4 104.4 104.5 104.5 104.6 104.7
100.2 100.3 100.3 100.4 100.5 100.5 100.6 100.6 100.7 100.8 100.8 100.9 100.9 101.0 101.1 101.1 101.2 101.2 101.3 101.4 101.4 101.5 101.5 101.6 101.7 101.7 101.8 101.8 101.9 102.0 102.0 102.1 102.1 102.2 102.3 102.3 102.4 102.4 102.5 102.6 102.6 102.7 102.7 102.8 102.9 102.9 103.0 103.0 103.1 103.2 103.2 103.3 103.3 103.4 103.5 103.5 103.6 103.6 103.7 103.8 103.8 103.9 103.9 104.0 104.1 104.1 104.2 104.2 104.3 104.4 104.4 104.5 104.5 104.6 104.7 104.7 104.8
100.3 100.4 100.4 100.5 100.6 100.6 100.7 100.7 100.8 100.9 100.9 101.0 101.0 101.1 101.2 101.2 101.3 101.3 101.4 101.5 101.5 101.6 101.6 101.7 101.8 101.8 101.9 101.9 102.0 102.1 102.1 102.2 102.2 102.3 102.4 102.4 102.5 102.5 102.6 102.7 102.7 102.8 102.8 102.9 103.0 103.0 103.1 103.1 103.2 103.3 103.3 103.4 103.4 103.5 103.6 103.6 103.7 103.7 103.8 103.9 103.9 104.0 104.0 104.1 104.2 104.2 104.3 104.3 104.4 104.5 104.5 104.6 104.6 104.7 104.8 104.8 104.9
100.4 100.5 100.6 100.6 100.7 100.7 100.8 100.9 100.9 101.0 101.0 101.1 101.2 101.2 101.3 101.3 101.4 101.5 101.5 101.6 101.6 101.7 101.8 101.8 101.9 101.9 102.0 102.1 102.1 102.2 102.2 102.3 102.4 102.4 102.5 102.5 102.6 102.7 102.7 102.8 102.8 102.9 103.0 103.0 103.1 103.1 103.2 103.3 103.3 103.4 103.4 103.5 103.6 103.6 103.7 103.7 103.8 103.9 103.9 104.0 104.0 104.1 104.2 104.2 104.3 104.3 104.4 104.5 104.5 104.6 104.6 104.7 104.8 104.8 104.9 104.9 105.0
100.5 100.6 100.7 100.7 100.8 100.8 100.9 101.0 101.0 101.1 101.2 101.2 101.3 101.3 101.4 101.5 101.5 101.6 101.6 101.7 101.8 101.8 101.9 101.9 102.0 102.0 102.1 102.2 102.2 102.3 102.3 102.4 102.5 102.5 102.6 102.7 102.7 102.8 102.8 102.9 103.0 103.0 103.1 103.1 103.2 103.2 103.3 103.4 103.4 103.5 103.5 103.6 103.7 103.7 103.8 103.8 103.9 104.0 104.0 104.1 104.2 104.2 104.3 104.3 104.4 104.5 104.5 104.6 104.6 104.7 104.8 104.8 104.9 104.9 105.0 105.0 105.1
100.7 100.7 100.8 100.8 100.9 101.0 101.0 101.1 101.1 101.2 101.3 101.3 101.4 101.4 101.5 101.6 101.6 101.7 101.7 101.8 101.9 101.9 102.0 102.0 102.1 102.2 102.2 102.3 102.3 102.4 102.5 102.5 102.6 102.6 102.7 102.8 102.8 102.9 102.9 103.0 103.1 103.1 103.2 103.2 103.3 103.4 103.4 103.5 103.5 103.6 103.7 103.7 103.8 103.8 103.9 104.0 104.0 104.1 104.1 104.2 104.3 104.3 104.4 104.4 104.5 104.6 104.6 104.7 104.7 104.8 104.9 104.9 105.0 105.0 105.1 105.2 105.2
100.8 100.8 100.9 101.0 101.0 101.1 101.1 101.2 101.3 101.3 101.4 101.4 101.5 101.6 101.6 101.7 101.7 101.8 101.9 101.9 102.0 102.0 102.1 102.2 102.2 102.3 102.3 102.4 102.5 102.5 102.6 102.6 102.7 102.8 102.8 102.9 102.9 103.0 103.1 103.1 103.2 103.2 103.3 103.4 103.4 103.5 103.5 103.6 103.7 103.7 103.8 103.8 103.9 104.0 104.0 104.1 104.1 104.2 104.3 104.3 104.4 104.4 104.5 104.6 104.6 104.7 104.7 104.8 104.9 104.9 105.0 105.0 105.1 105.2 105.2 105.3 105.3
100.9 100.9 101.0 101.1 101.1 101.2 101.2 101.3 101.4 101.4 101.5 101.5 101.6 101.7 101.7 101.8 101.8 101.9 102.0 102.0 102.1 102.1 102.2 102.3 102.3 102.4 102.4 102.5 102.6 102.6 102.7 102.7 102.8 102.9 102.9 103.0 103.0 103.1 103.2 103.2 103.3 103.3 103.4 103.5 103.5 103.6 103.6 103.7 103.8 103.8 103.9 103.9 104.0 104.1 104.1 104.2 104.2 104.3 104.4 104.4 104.5 104.5 104.6 104.7 104.7 104.8 104.8 104.9 105.0 105.0 105.1 105.1 105.2 105.3 105.3 105.4 105.4
101.0 101.0 101.1 101.2 101.2 101.3 101.4 101.4 101.5 101.5 101.6 101.7 101.7 101.8 101.8 101.9 102.0 102.0 102.1 102.1 102.2 102.2 102.3 102.4 102.4 102.5 102.5 102.6 102.7 102.7 102.8 102.9 102.9 103.0 103.0 103.1 103.2 103.2 103.3 103.3 103.4 103.5 103.5 103.6 103.6 103.7 103.8 103.8 103.9 103.9 104.0 104.0 104.1 104.2 104.2 104.3 104.4 104.4 104.5 104.5 104.6 104.7 104.7 104.8 104.8 104.9 105.0 105.0 105.1 105.1 105.2 105.2 105.3 105.4 105.4 105.5 105.5
101.1 101.2 101.2 101.3 101.3 101.4 101.5 101.5 101.6 101.6 101.7 101.8 101.8 101.9 101.9 102.0 102.1 102.1 102.2 102.2 102.3 102.4 102.4 102.5 102.5 102.6 102.7 102.7 102.8 102.8 102.9 103.0 103.0 103.1 103.1 103.2 103.3 103.3 103.4 103.4 103.5 103.6 103.6 103.7 103.7 103.8 103.9 103.9 104.0 104.0 104.1 104.2 104.2 104.3 104.3 104.4 104.5 104.5 104.6 104.6 104.7 104.8 104.8 104.9 104.9 105.0 105.1 105.1 105.2 105.2 105.3 105.4 105.4 105.5 105.5 105.6 105.7
101.2 101.3 101.3 101.4 101.5 101.5 101.6 101.6 101.7 101.8 101.8 101.9 101.9 102.0 102.0 102.1 102.2 102.2 102.3 102.3 102.4 102.5 102.5 102.6 102.6 102.7 102.8 102.8 102.9 103.0 103.0 103.1 103.1 103.2 103.2 103.3 103.4 103.4 103.5 103.5 103.6 103.7 103.7 103.8 103.8 103.9 104.0 104.0 104.1 104.1 104.2 104.3 104.3 104.4 104.5 104.5 104.6 104.6 104.7 104.8 104.8 104.9 104.9 105.0 105.0 105.1 105.2 105.2 105.3 105.3 105.4 105.5 105.5 105.6 105.6 105.7 105.8
101.3 101.4 101.4 101.5 101.6 101.6 101.7 101.7 101.8 101.9 101.9 102.0 102.0 102.1 102.2 102.2 102.3 102.3 102.4 102.5 102.5 102.6 102.6 102.7 102.8 102.8 102.9 102.9 103.0 103.1 103.1 103.2 103.2 103.3 103.4 103.4 103.5 103.5 103.6 103.7 103.7 103.8 103.8 103.9 104.0 104.0 104.1 104.1 104.2 104.3 104.3 104.4 104.4 104.5 104.6 104.6 104.7 104.7 104.8 104.9 104.9 105.0 105.0 105.1 105.2 105.2 105.3 105.3 105.4 105.5 105.5 105.6 105.6 105.7 105.8 105.8 105.9
101.4 101.5 101.5 101.6 101.7 101.7 101.8 101.8 101.9 102.0 102.0 102.1 102.1 102.2 102.3 102.3 102.4 102.4 102.5 102.6 102.6 102.7 102.7 102.8 102.9 102.9 103.0 103.0 103.1 103.2 103.2 103.3 103.3 103.4 103.5 103.5 103.6 103.6 103.7 103.8 103.8 103.9 103.9 104.0 104.1 104.1 104.2 104.2 104.3 104.4 104.4 104.5 104.5 104.6 104.7 104.7 104.8 104.8 104.9 105.0 105.0 105.1 105.1 105.2 105.3 105.3 105.4 105.4 105.5 105.6 105.6 105.7 105.7 105.8 105.9 105.9 106.0
101.5 101.6 101.7 101.7 101.8 101.8 101.9 102.0 102.0 102.1 102.1 102.2 102.3 102.3 102.4 102.4 102.5 102.6 102.6 102.7 102.7 102.8 102.9 102.9 103.0 103.0 103.1 103.2 103.2 103.3 103.3 103.4 103.5 103.5 103.6 103.6 103.7 103.8 103.8 103.9 103.9 104.0 104.1 104.1 104.2 104.2 104.3 104.4 104.4 104.5 104.5 104.6 104.7 104.7 104.8 104.8 104.9 105.0 105.0 105.1 105.1 105.2 105.3 105.3 105.4 105.4 105.5 105.6 105.6 105.7 105.7 105.8 105.9 105.9 106.0 106.0 106.1
101.7 101.7 101.8 101.8 101.9 102.0 102.0 102.1 102.1 102.2 102.2 102.3 102.4 102.4 102.5 102.5 102.6 102.7 102.7 102.8 102.8 102.9 103.0 103.0 103.1 103.2 103.2 103.3 103.3 103.4 103.5 103.5 103.6 103.6 103.7 103.8 103.8 103.9 103.9 104.0 104.0 104.1 104.2 104.2 104.3 104.3 104.4 104.5 104.5 104.6 104.7 104.7 104.8 104.8 104.9 105.0 105.0 105.1 105.1 105.2 105.2 105.3 105.4 105.4 105.5 105.5 105.6 105.7 105.7 105.8 105.8 105.9 106.0 106.0 106.1 106.2 106.2
101.8 101.8 101.9 101.9 102.0 102.1 102.1 102.2 102.2 102.3 102.4 102.4 102.5 102.5 102.6 102.7 102.7 102.8 102.8 102.9 103.0 103.0 103.1 103.1 103.2 103.3 103.3 103.4 103.4 103.5 103.6 103.6 103.7 103.7 103.8 103.9 103.9 104.0 104.0 104.1 104.2 104.2 104.3 104.3 104.4 104.5 104.5 104.6 104.6 104.7 104.8 104.8 104.9 104.9 105.0 105.1 105.1 105.2 105.2 105.3 105.4 105.4 105.5 105.5 105.6 105.7 105.7 105.8 105.8 105.9 106.0 106.0 106.1 106.1 106.2 106.3 106.3
101.9 101.9 102.0 102.1 102.1 102.2 102.2 102.3 102.4 102.4 102.5 102.5 102.6 102.7 102.7 102.8 102.8 102.9 103.0 103.0 103.1 103.1 103.2 103.3 103.3 103.4 103.4 103.5 103.6 103.6 103.7 103.7 103.8 103.9 103.9 104.0 104.0 104.1 104.2 104.2 104.3 104.3 104.4 104.5 104.5 104.6 104.6 104.7 104.8 104.8 104.9 104.9 105.0 105.1 105.1 105.2 105.2 105.3 105.4 105.4 105.5 105.5 105.6 105.7 105.7 105.8 105.8 105.9 106.0 106.0 106.1 106.1 106.2 106.3 106.3 106.4 106.4
102.0 102.0 102.1 102.2 102.2 102.3 102.3 102.4 102.5 102.5 102.6 102.6 102.7 102.8 102.8 102.9 102.9 103.0 103.1 103.1 103.2 103.2 103.3 103.4 103.4 103.5 103.5 103.6 103.7 103.7 103.8 103.8 103.9 104.0 104.0 104.1 104.1 104.2 104.3 104.3 104.4 104.4 104.5 104.6 104.6 104.7 104.7 104.8 104.9 104.9 105.0 105.0 105.1 105.2 105.2 105.3 105.3 105.4 105.5 105.5 105.6 105.6 105.7 105.8 105.8 105.9 105.9 106.0 106.1 106.1 106.2 106.2 106.3 106.4 106.4 106.5 106.5
102.1 102.2 102.2 102.3 102.3 102.4 102.5 102.5 102.6 102.6 102.7 102.8 102.8 102.9 102.9 103.0 103.0 103.1 103.2 103.2 103.3 103.4 103.4 103.5 103.5 103.6 103.7 103.7 103.8 103.8 103.9 104.0 104.0 104.1 104.1 104.2 104.2 104.3 104.4 104.4 104.5 104.5 104.6 104.7 104.7 104.8 104.9 104.9 105.0 105.0 105.1 105.2 105.2 105.3 105.3 105.4 105.5 105.5 105.6 105.6 105.7 105.8 105.8 105.9 105.9 106.0 106.0 106.1 106.2 106.2 106.3 106.4 106.4 106.5 106.5 106.6 106.7
102.2 102.3 102.3 102.4 102.4 102.5 102.6 102.6 102.7 102.7 102.8 102.9 102.9 103.0 103.0 103.1 103.2 103.2 103.3 103.3 103.4 103.5 103.5 103.6 103.6 103.7 103.8 103.8 103.9 103.9 104.0 104.1 104.1 104.2 104.2 104.3 104.4 104.4 104.5 104.5 104.6 104.7 104.7 104.8 104.8 104.9 105.0 105.0 105.1 105.1 105.2 105.3 105.3 105.4 105.4 105.5 105.6 105.6 105.7 105.7 105.8 105.9 105.9 106.0 106.0 106.1 106.2 106.2 106.3 106.3 106.4 106.5 106.5 106.6 106.6 106.7 106.8
102.3 102.4 102.4 102.5 102.5 102.6 102.7 102.7 102.8 102.8 102.9 103.0 103.0 103.1 103.1 103.2 103.3 103.3 103.4 103.5 103.5 103.6 103.6 103.7 103.8 103.8 103.9 103.9 104.0 104.0 104.1 104.2 104.2 104.3 104.3 104.4 104.5 104.5 104.6 104.6 104.7 104.8 104.8 104.9 105.0 105.0 105.1 105.1 105.2 105.2 105.3 105.4 105.4 105.5 105.5 105.6 105.7 105.7 105.8 105.8 105.9 106.0 106.0 106.1 106.1 106.2 106.3 106.3 106.4 106.5 106.5 106.6 106.6 106.7 106.8 106.8 106.9
102.4 102.5 102.5 102.6 102.7 102.7 102.8 102.8 102.9 103.0 103.0 103.1 103.1 103.2 103.3 103.3 103.4 103.4 103.5 103.6 103.6 103.7 103.7 103.8 103.9 103.9 104.0 104.0 104.1 104.2 104.2 104.3 104.3 104.4 104.5 104.5 104.6 104.6 104.7 104.8 104.8 104.9 104.9 105.0 105.1 105.1 105.2 105.2 105.3 105.4 105.4 105.5 105.5 105.6 105.7 105.7 105.8 105.8 105.9 106.0 106.0 106.1 106.1 106.2 106.3 106.3 106.4 106.4 106.5 106.6 106.6 106.7 106.7 106.8 106.9 106.9 107.0
102.5 102.6 102.6 102.7 102.8 102.8 102.9 102.9 103.0 103.1 103.1 103.2 103.2 103.3 103.4 103.4 103.5 103.5 103.6 103.7 103.7 103.8 103.8 103.9 104.0 104.0 104.1 104.1 104.2 104.3 104.3 104.4 104.4 104.5 104.6 104.6 104.7 104.7 104.8 104.9 104.9 105.0 105.0 105.1 105.2 105.2 105.3 105.3 105.4 105.5 105.5 105.6 105.6 105.7 105.8 105.8 105.9 105.9 106.0 106.1 106.1 106.2 106.2 106.3 106.4 106.4 106.5 106.5 106.6 106.7 106.7 106.8 106.8 106.9 107.0 107.0 107.1
102.6 102.7 102.8 102.8 102.9 102.9 103.0 103.1 103.1 103.2 103.2 103.3 103.4 103.4 103.5 103.5 103.6 103.7 103.7 103.8 103.8 103.9 104.0 104.0 104.1 104.1 104.2 104.3 104.3 104.4 104.4 104.5 104.6 104.6 104.7 104.7 104.8 104.9 104.9 105.0 105.0 105.1 105.2 105.2 105.3 105.3 105.4 105.5 105.5 105.6 105.6 105.7 105.8 105.8 105.9 105.9 106.0 106.1 106.1 106.2 106.2 106.3 106.4 106.4 106.5 106.5 106.6 106.7 106.7 106.8 106.8 106.9 107.0 107.0 107.1 107.1 107.2
102.8 102.8 102.9 102.9 103.0 103.0 103.1 103.2 103.2 103.3 103.3 103.4 103.5 103.5 103.6 103.7 103.7 103.8 103.8 103.9 104.0 104.0 104.1 104.1 104.2 104.2 104.3 104.4 104.4 104.5 104.5 104.6 104.7 104.7 104.8 104.8 104.9 105.0 105.0 105.1 105.2 105.2 105.3 105.3 105.4 105.5 105.5 105.6 105.6 105.7 105.8 105.8 105.9 105.9 106.0 106.0 106.1 106.2 106.2 106.3 106.3 106.4 106.5 106.5 106.6 106.7 106.7 106.8 106.8 106.9 107.0 107.0 107.1 107.1 107.2 107.2 107.3
102.9 102.9 103.0 103.0 103.1 103.2 103.2 103.3 103.3 103.4 103.5 103.5 103.6 103.6 103.7 103.8 103.8 103.9 103.9 104.0 104.1 104.1 104.2 104.2 104.3 104.4 104.4 104.5 104.5 104.6 104.7 104.7 104.8 104.8 104.9 105.0 105.0 105.1 105.1 105.2 105.3 105.3 105.4 105.4 105.5 105.6 105.6 105.7 105.7 105.8 105.9 105.9 106.0 106.0 106.1 106.2 106.2 106.3 106.3 106.4 106.5 106.5 106.6 106.6 106.7 106.8 106.8 106.9 106.9 107.0 107.1 107.1 107.2 107.2 107.3 107.4 107.4
103.0 103.0 103.1 103.2 103.2 103.3 103.3 103.4 103.5 103.5 103.6 103.6 103.7 103.8 103.8 103.9 103.9 104.0 104.1 104.1 104.2 104.2 104.3 104.4 104.4 104.5 104.5 104.6 104.7 104.7 104.8 104.8 104.9 105.0 105.0 105.1 105.1 105.2 105.3 105.3 105.4 105.4 105.5 105.6 105.6 105.7 105.7 105.8 105.9 105.9 106.0 106.0 106.1 106.2 106.2 106.3 106.3 106.4 106.5 106.5 106.6 106.6 106.7 106.8 106.8 106.9 106.9 107.0 107.1 107.1 107.2 107.2 107.3 107.4 107.4 107.5 107.5
103.1 103.1 103.2 103.3 103.3 103.4 103.4 103.5 103.6 103.6 103.7 103.7 103.8 103.9 103.9 104.0 104.0 104.1 104.2 104.2 104.3 104.3 104.4 104.5 104.5 104.6 104.6 104.7 104.8 104.8 104.9 104.9 105.0 105.1 105.1 105.2 105.2 105.3 105.4 105.4 105.5 105.5 105.6 105.7 105.7 105.8 105.8 105.9 106.0 106.0 106.1 106.1 106.2 106.3 106.3 106.4 106.4 106.5 106.6 106.6 106.7 106.7 106.8 106.9 106.9 107.0 107.0 107.1 107.2 107.2 107.3 107.3 107.4 107.5 107.5 107.6 107.6
103.2 103.2 103.3 103.4 103.4 103.5 103.5 103.6 103.7 103.7 103.8 103.9 103.9 104.0 104.0 104.1 104.2 104.2 104.3 104.3 104.4 104.5 104.5 104.6 104.6 104.7 104.8 104.8 104.9 104.9 105.0 105.0 105.1 105.2 105.2 105.3 105.4 105.4 105.5 105.5 105.6 105.7 105.7 105.8 105.8 105.9 106.0 106.0 106.1 106.1 106.2 106.2 106.3 106.4 106.4 106.5 106.5 106.6 106.7 106.7 106.8 106.9 106.9 107.0 107.0 107.1 107.2 107.2 107.3 107.3 107.4 107.5 107.5 107.6 107.6 107.7 107.8
103.3 103.4 103.4 103.5 103.5 103.6 103.7 103.7 103.8 103.8 103.9 104.0 104.0 104.1 104.1 104.2 104.3 104.3 104.4 104.4 104.5 104.6 104.6 104.7 104.7 104.8 104.9 104.9 105.0 105.0 105.1 105.2 105.2 105.3 105.3 105.4 105.5 105.5 105.6 105.6 105.7 105.8 105.8 105.9 105.9 106.0 106.1 106.1 106.2 106.2 106.3 106.4 106.4 106.5 106.5 106.6 106.7 106.7 106.8 106.8 106.9 107.0 107.0 107.1 107.1 107.2 107.3 107.3 107.4 107.4 107.5 107.6 107.6 107.7 107.7 107.8 107.9
103.4 103.5 103.5 103.6 103.6 103.7 103.8 103.8 103.9 104.0 104.0 104.1 104.1 104.2 104.2 104.3 104.4 104.4 104.5 104.5 104.6 104.7 104.7 104.8 104.8 104.9 105.0 105.0 105.1 105.1 105.2 105.3 105.3 105.4 105.5 105.5 105.6 105.6 105.7 105.8 105.8 105.9 105.9 106.0 106.0 106.1 106.2 106.2 106.3 106.3 106.4 106.5 106.5 106.6 106.6 106.7 106.8 106.8 106.9 107.0 107.0 107.1 107.1 107.2 107.2 107.3 107.4 107.4 107.5 107.5 107.6 107.7 107.7 107.8 107.8 107.9 108.0
103.5 103.6 103.6 103.7 103.8 103.8 103.9 103.9 104.0 104.1 104.1 104.2 104.2 104.3 104.4 104.4 104.5 104.5 104.6 104.7 104.7 104.8 104.8 104.9 105.0 105.0 105.1 105.1 105.2 105.3 105.3 105.4 105.4 105.5 105.6 105.6 105.7 105.7 105.8 105.9 105.9 106.0 106.0 106.1 106.2 106.2 106.3 106.3 106.4 106.5 106.5 106.6 106.6 106.7 106.8 106.8 106.9 106.9 107.0 107.1 107.1 107.2 107.2 107.3 107.4 107.4 107.5 107.5 107.6 107.7 107.7 107.8 107.8 107.9 108.0 108.0 108.1
103.6 103.7 103.7 103.8 103.9 103.9 104.0 104.0 104.1 104.2 104.2 104.3 104.3 104.4 104.5 104.5 104.6 104.6 104.7 104.8 104.8 104.9 104.9 105.0 105.1 105.1 105.2 105.2 105.3 105.4 105.4 105.5 105.5 105.6 105.7 105.7 105.8 105.8 105.9 106.0 106.0 106.1 106.1 106.2 106.3 106.3 106.4 106.4 106.5 106.6 106.6 106.7 106.7 106.8 106.9 106.9 107.0 107.0 107.1 107.2 107.2 107.3 107.3 107.4 107.5 107.5 107.6 107.6 107.7 107.8 107.8 107.9 107.9 108.0 108.1 108.1 108.2
