data/sample_dem.asc
ncols         200
nrows         200
xllcorner     399900.0
yllcorner     5999900.0
cellsize      1.0
NODATA_value  -9999
[rows 34 to 67 of 200, columns 77 to 153 of 200]
108.4 108.4 108.5 108.5 108.6 108.7 108.7 108.8 108.8 108.9 109.0 109.0 109.1 109.1 109.2 109.3 109.3 109.4 109.4 109.5 109.6 109.6 109.7 109.7 109.8 109.9 109.9 110.0 110.0 110.1 110.2 110.2 110.3 110.3 110.4 110.5 110.5 110.6 110.6 110.7 110.8 110.8 110.9 110.9 111.0 111.1 111.1 111.2 111.2 111.3 111.4 111.4 111.5 111.5 111.6 111.7 111.7 111.8 111.8 111.9 112.0 112.0 112.1 112.1 112.2 112.3 112.3 112.4 112.4 112.5 112.6 112.6 112.7 112.7 112.8 112.9 112.9
108.5 108.5 108.6 108.7 108.7 108.8 108.8 108.9 109.0 109.0 109.1 109.1 109.2 109.2 109.3 109.4 109.4 109.5 109.5 109.6 109.7 109.7 109.8 109.8 109.9 110.0 110.0 110.1 110.2 110.2 110.3 110.3 110.4 110.5 110.5 110.6 110.6 110.7 110.8 110.8 110.9 110.9 111.0 111.0 111.1 111.2 111.2 111.3 111.3 111.4 111.5 111.5 111.6 111.7 111.7 111.8 111.8 111.9 112.0 112.0 112.1 112.1 112.2 112.2 112.3 112.4 112.4 112.5 112.5 112.6 112.7 112.7 112.8 112.8 112.9 113.0 113.0
108.6 108.6 108.7 108.8 108.8 108.9 108.9 109.0 109.1 109.1 109.2 109.2 109.3 109.4 109.4 109.5 109.5 109.6 109.7 109.7 109.8 109.8 109.9 110.0 110.0 110.1 110.1 110.2 110.3 110.3 110.4 110.4 110.5 110.6 110.6 110.7 110.7 110.8 110.9 110.9 111.0 111.0 111.1 111.2 111.2 111.3 111.3 111.4 111.5 111.5 111.6 111.6 111.7 111.8 111.8 111.9 111.9 112.0 112.1 112.1 112.2 112.2 112.3 112.4 112.4 112.5 112.5 112.6 112.7 112.7 112.8 112.8 112.9 113.0 113.0 113.1 113.1
108.7 108.8 108.8 108.9 108.9 109.0 109.1 109.1 109.2 109.2 109.3 109.4 109.4 109.5 109.5 109.6 109.7 109.7 109.8 109.8 109.9 110.0 110.0 110.1 110.1 110.2 110.3 110.3 110.4 110.4 110.5 110.6 110.6 110.7 110.7 110.8 110.9 110.9 111.0 111.0 111.1 111.2 111.2 111.3 111.3 111.4 111.5 111.5 111.6 111.6 111.7 111.8 111.8 111.9 111.9 112.0 112.1 112.1 112.2 112.2 112.3 112.4 112.4 112.5 112.5 112.6 112.7 112.7 112.8 112.8 112.9 113.0 113.0 113.1 113.1 113.2 113.3
108.8 108.9 108.9 109.0 109.0 109.1 109.2 109.2 109.3 109.3 109.4 109.5 109.5 109.6 109.6 109.7 109.8 109.8 109.9 109.9 110.0 110.1 110.1 110.2 110.2 110.3 110.4 110.4 110.5 110.5 110.6 110.7 110.7 110.8 110.8 110.9 111.0 111.0 111.1 111.1 111.2 111.3 111.3 111.4 111.4 111.5 111.6 111.6 111.7 111.7 111.8 111.9 111.9 112.0 112.0 112.1 112.2 112.2 112.3 112.3 112.4 112.5 112.5 112.6 112.6 112.7 112.8 112.8 112.9 112.9 113.0 113.1 113.1 113.2 113.2 113.3 113.4
108.9 109.0 109.0 109.1 109.2 109.2 109.3 109.3 109.4 109.5 109.5 109.6 109.6 109.7 109.8 109.8 109.9 109.9 110.0 110.0 110.1 110.2 110.2 110.3 110.4 110.4 110.5 110.5 110.6 110.7 110.7 110.8 110.8 110.9 111.0 111.0 111.1 111.1 111.2 111.2 111.3 111.4 111.4 111.5 111.5 111.6 111.7 111.7 111.8 111.9 111.9 112.0 112.0 112.1 112.2 112.2 112.3 112.3 112.4 112.5 112.5 112.6 112.6 112.7 112.8 112.8 112.9 112.9 113.0 113.0 113.1 113.2 113.2 113.3 113.4 113.4 113.5
109.0 109.1 109.1 109.2 109.3 109.3 109.4 109.4 109.5 109.6 109.6 109.7 109.7 109.8 109.9 109.9 110.0 110.0 110.1 110.2 110.2 110.3 110.3 110.4 110.5 110.5 110.6 110.6 110.7 110.8 110.8 110.9 110.9 111.0 111.1 111.1 111.2 111.2 111.3 111.4 111.4 111.5 111.5 111.6 111.7 111.7 111.8 111.8 111.9 112.0 112.0 112.1 112.1 112.2 112.3 112.3 112.4 112.4 112.5 112.6 112.6 112.7 112.7 112.8 112.9 112.9 113.0 113.0 113.1 113.2 113.2 113.3 113.3 113.4 113.5 113.5 113.6
109.1 109.2 109.2 109.3 109.4 109.4 109.5 109.5 109.6 109.7 109.7 109.8 109.8 109.9 110.0 110.0 110.1 110.1 110.2 110.3 110.3 110.4 110.5 110.5 110.6 110.6 110.7 110.8 110.8 110.9 110.9 111.0 111.0 111.1 111.2 111.2 111.3 111.3 111.4 111.5 111.5 111.6 111.6 111.7 111.8 111.8 111.9 112.0 112.0 112.1 112.1 112.2 112.2 112.3 112.4 112.4 112.5 112.5 112.6 112.7 112.7 112.8 112.8 112.9 113.0 113.0 113.1 113.1 113.2 113.3 113.3 113.4 113.5 113.5 113.6 113.6 113.7
109.2 109.3 109.4 109.4 109.5 109.5 109.6 109.7 109.7 109.8 109.8 109.9 110.0 110.0 110.1 110.1 110.2 110.3 110.3 110.4 110.4 110.5 110.6 110.6 110.7 110.7 110.8 110.9 110.9 111.0 111.0 111.1 111.2 111.2 111.3 111.3 111.4 111.5 111.5 111.6 111.6 111.7 111.8 111.8 111.9 111.9 112.0 112.1 112.1 112.2 112.2 112.3 112.4 112.4 112.5 112.5 112.6 112.7 112.7 112.8 112.8 112.9 113.0 113.0 113.1 113.1 113.2 113.3 113.3 113.4 113.4 113.5 113.6 113.6 113.7 113.7 113.8
109.3 109.4 109.5 109.5 109.6 109.6 109.7 109.8 109.8 109.9 109.9 110.0 110.1 110.1 110.2 110.2 110.3 110.4 110.4 110.5 110.5 110.6 110.7 110.7 110.8 110.8 110.9 111.0 111.0 111.1 111.1 111.2 111.3 111.3 111.4 111.4 111.5 111.6 111.6 111.7 111.7 111.8 111.9 111.9 112.0 112.0 112.1 112.2 112.2 112.3 112.3 112.4 112.5 112.5 112.6 112.6 112.7 112.8 112.8 112.9 112.9 113.0 113.1 113.1 113.2 113.2 113.3 113.4 113.4 113.5 113.5 113.6 113.7 113.7 113.8 113.8 113.9
109.5 109.5 109.6 109.6 109.7 109.8 109.8 109.9 109.9 110.0 110.1 110.1 110.2 110.2 110.3 110.4 110.4 110.5 110.5 110.6 110.7 110.7 110.8 110.8 110.9 111.0 111.0 111.1 111.1 111.2 111.3 111.3 111.4 111.4 111.5 111.6 111.6 111.7 111.7 111.8 111.9 111.9 112.0 112.0 112.1 112.2 112.2 112.3 112.3 112.4 112.5 112.5 112.6 112.6 112.7 112.8 112.8 112.9 112.9 113.0 113.1 113.1 113.2 113.2 113.3 113.4 113.4 113.5 113.5 113.6 113.7 113.7 113.8 113.8 113.9 114.0 114.0
109.6 109.6 109.7 109.8 109.8 109.9 109.9 110.0 110.0 110.1 110.2 110.2 110.3 110.3 110.4 110.5 110.5 110.6 110.7 110.7 110.8 110.8 110.9 111.0 111.0 111.1 111.1 111.2 111.2 111.3 111.4 111.4 111.5 111.5 111.6 111.7 111.7 111.8 111.8 111.9 112.0 112.0 112.1 112.2 112.2 112.3 112.3 112.4 112.5 112.5 112.6 112.6 112.7 112.8 112.8 112.9 112.9 113.0 113.0 113.1 113.2 113.2 113.3 113.3 113.4 113.5 113.5 113.6 113.7 113.7 113.8 113.8 113.9 114.0 114.0 114.1 114.1
109.7 109.7 109.8 109.9 109.9 110.0 110.0 110.1 110.2 110.2 110.3 110.3 110.4 110.5 110.5 110.6 110.6 110.7 110.8 110.8 110.9 110.9 111.0 111.1 111.1 111.2 111.2 111.3 111.4 111.4 111.5 111.5 111.6 111.7 111.7 111.8 111.8 111.9 112.0 112.0 112.1 112.1 112.2 112.3 112.3 112.4 112.4 112.5 112.6 112.6 112.7 112.7 112.8 112.9 112.9 113.0 113.0 113.1 113.2 113.2 113.3 113.3 113.4 113.5 113.5 113.6 113.6 113.7 113.8 113.8 113.9 113.9 114.0 114.1 114.1 114.2 114.2
109.8 109.9 109.9 110.0 110.0 110.1 110.2 110.2 110.3 110.3 110.4 110.5 110.5 110.6 110.6 110.7 110.8 110.8 110.9 110.9 111.0 111.1 111.1 111.2 111.2 111.3 111.4 111.4 111.5 111.5 111.6 111.7 111.7 111.8 111.8 111.9 112.0 112.0 112.1 112.1 112.2 112.3 112.3 112.4 112.4 112.5 112.6 112.6 112.7 112.7 112.8 112.9 112.9 113.0 113.0 113.1 113.2 113.2 113.3 113.3 113.4 113.5 113.5 113.6 113.6 113.7 113.8 113.8 113.9 113.9 114.0 114.1 114.1 114.2 114.2 114.3 114.4
109.9 110.0 110.0 110.1 110.1 110.2 110.3 110.3 110.4 110.4 110.5 110.6 110.6 110.7 110.7 110.8 110.9 110.9 111.0 111.0 111.1 111.2 111.2 111.3 111.3 111.4 111.5 111.5 111.6 111.6 111.7 111.8 111.8 111.9 111.9 112.0 112.1 112.1 112.2 112.2 112.3 112.4 112.4 112.5 112.5 112.6 112.7 112.7 112.8 112.8 112.9 113.0 113.0 113.1 113.1 113.2 113.3 113.3 113.4 113.4 113.5 113.6 113.6 113.7 113.7 113.8 113.9 113.9 114.0 114.0 114.1 114.2 114.2 114.3 114.3 114.4 114.5
110.0 110.1 110.1 110.2 110.2 110.3 110.4 110.4 110.5 110.5 110.6 110.7 110.7 110.8 110.9 110.9 111.0 111.0 111.1 111.2 111.2 111.3 111.3 111.4 111.5 111.5 111.6 111.6 111.7 111.8 111.8 111.9 111.9 112.0 112.0 112.1 112.2 112.2 112.3 112.4 112.4 112.5 112.5 112.6 112.7 112.7 112.8 112.8 112.9 113.0 113.0 113.1 113.1 113.2 113.2 113.3 113.4 113.4 113.5 113.5 113.6 113.7 113.7 113.8 113.9 113.9 114.0 114.0 114.1 114.2 114.2 114.3 114.3 114.4 114.5 114.5 114.6
110.1 110.2 110.2 110.3 110.4 110.4 110.5 110.5 110.6 110.7 110.7 110.8 110.8 110.9 111.0 111.0 111.1 111.1 111.2 111.3 111.3 111.4 111.4 111.5 111.6 111.6 111.7 111.7 111.8 111.9 111.9 112.0 112.0 112.1 112.2 112.2 112.3 112.3 112.4 112.5 112.5 112.6 112.6 112.7 112.8 112.8 112.9 112.9 113.0 113.1 113.1 113.2 113.2 113.3 113.4 113.4 113.5 113.5 113.6 113.7 113.7 113.8 113.8 113.9 114.0 114.0 114.1 114.1 114.2 114.3 114.3 114.4 114.4 114.5 114.6 114.6 114.7
110.2 110.3 110.3 110.4 110.5 110.5 110.6 110.6 110.7 110.8 110.8 110.9 111.0 111.0 111.1 111.1 111.2 111.2 111.3 111.4 111.4 111.5 111.5 111.6 111.7 111.7 111.8 111.8 111.9 112.0 112.0 112.1 112.1 112.2 112.3 112.3 112.4 112.5 112.5 112.6 112.6 112.7 112.8 112.8 112.9 112.9 113.0 113.0 113.1 113.2 113.2 113.3 113.3 113.4 113.5 113.5 113.6 113.6 113.7 113.8 113.8 113.9 114.0 114.0 114.1 114.1 114.2 114.2 114.3 114.4 114.4 114.5 114.5 114.6 114.7 114.7 114.8
110.3 110.4 110.5 110.5 110.6 110.6 110.7 110.8 110.8 110.9 110.9 111.0 111.1 111.1 111.2 111.2 111.3 111.4 111.4 111.5 111.5 111.6 111.7 111.7 111.8 111.8 111.9 112.0 112.0 112.1 112.1 112.2 112.3 112.3 112.4 112.4 112.5 112.6 112.6 112.7 112.7 112.8 112.9 112.9 113.0 113.0 113.1 113.2 113.2 113.3 113.3 113.4 113.5 113.5 113.6 113.6 113.7 113.8 113.8 113.9 113.9 114.0 114.1 114.1 114.2 114.2 114.3 114.4 114.4 114.5 114.5 114.6 114.7 114.7 114.8 114.8 114.9
110.4 110.5 110.6 110.6 110.7 110.7 110.8 110.9 110.9 111.0 111.0 111.1 111.2 111.2 111.3 111.3 111.4 111.5 111.5 111.6 111.6 111.7 111.8 111.8 111.9 111.9 112.0 112.1 112.1 112.2 112.2 112.3 112.4 112.4 112.5 112.5 112.6 112.7 112.7 112.8 112.8 112.9 113.0 113.0 113.1 113.1 113.2 113.3 113.3 113.4 113.4 113.5 113.6 113.6 113.7 113.7 113.8 113.9 113.9 114.0 114.0 114.1 114.2 114.2 114.3 114.3 114.4 114.5 114.5 114.6 114.6 114.7 114.8 114.8 114.9 114.9 115.0
110.6 110.6 110.7 110.7 110.8 110.9 110.9 111.0 111.0 111.1 111.2 111.2 111.3 111.3 111.4 111.5 111.5 111.6 111.6 111.7 111.8 111.8 111.9 111.9 112.0 112.1 112.1 112.2 112.2 112.3 112.4 112.4 112.5 112.5 112.6 112.7 112.7 112.8 112.8 112.9 113.0 113.0 113.1 113.1 113.2 113.3 113.3 113.4 113.4 113.5 113.6 113.6 113.7 113.7 113.8 113.9 113.9 114.0 114.0 114.1 114.2 114.2 114.3 114.3 114.4 114.5 114.5 114.6 114.6 114.7 114.8 114.8 114.9 114.9 115.0 115.1 115.1
110.7 110.7 110.8 110.8 110.9 111.0 111.0 111.1 111.2 111.2 111.3 111.3 111.4 111.5 111.5 111.6 111.6 111.7 111.8 111.8 111.9 111.9 112.0 112.0 112.1 112.2 112.2 112.3 112.3 112.4 112.5 112.5 112.6 112.7 112.7 112.8 112.8 112.9 113.0 113.0 113.1 113.1 113.2 113.2 113.3 113.4 113.4 113.5 113.5 113.6 113.7 113.7 113.8 113.8 113.9 114.0 114.0 114.1 114.2 114.2 114.3 114.3 114.4 114.5 114.5 114.6 114.6 114.7 114.8 114.8 114.9 114.9 115.0 115.0 115.1 115.2 115.2
110.8 110.8 110.9 111.0 111.0 111.1 111.1 111.2 111.3 111.3 111.4 111.4 111.5 111.6 111.6 111.7 111.7 111.8 111.9 111.9 112.0 112.0 112.1 112.2 112.2 112.3 112.3 112.4 112.5 112.5 112.6 112.6 112.7 112.8 112.8 112.9 112.9 113.0 113.1 113.1 113.2 113.2 113.3 113.4 113.4 113.5 113.5 113.6 113.7 113.7 113.8 113.8 113.9 114.0 114.0 114.1 114.1 114.2 114.3 114.3 114.4 114.4 114.5 114.6 114.6 114.7 114.7 114.8 114.9 114.9 115.0 115.0 115.1 115.2 115.2 115.3 115.3
110.9 111.0 111.0 111.1 111.1 111.2 111.3 111.3 111.4 111.4 111.5 111.6 111.6 111.7 111.7 111.8 111.9 111.9 112.0 112.0 112.1 112.2 112.2 112.3 112.3 112.4 112.5 112.5 112.6 112.6 112.7 112.8 112.8 112.9 112.9 113.0 113.1 113.1 113.2 113.2 113.3 113.4 113.4 113.5 113.5 113.6 113.7 113.7 113.8 113.8 113.9 114.0 114.0 114.1 114.1 114.2 114.3 114.3 114.4 114.4 114.5 114.6 114.6 114.7 114.7 114.8 114.9 114.9 115.0 115.0 115.1 115.2 115.2 115.3 115.3 115.4 115.5
111.0 111.1 111.1 111.2 111.2 111.3 111.4 111.4 111.5 111.5 111.6 111.7 111.7 111.8 111.8 111.9 112.0 112.0 112.1 112.1 112.2 112.3 112.3 112.4 112.4 112.5 112.6 112.6 112.7 112.7 112.8 112.9 112.9 113.0 113.0 113.1 113.2 113.2 113.3 113.3 113.4 113.5 113.5 113.6 113.6 113.7 113.8 113.8 113.9 113.9 114.0 114.1 114.1 114.2 114.2 114.3 114.4 114.4 114.5 114.5 114.6 114.7 114.7 114.8 114.8 114.9 115.0 115.0 115.1 115.1 115.2 115.3 115.3 115.4 115.4 115.5 115.6
111.1 111.2 111.2 111.3 111.4 111.4 111.5 111.5 111.6 111.7 111.7 111.8 111.8 111.9 112.0 112.0 112.1 112.1 112.2 112.2 112.3 112.4 112.4 112.5 112.5 112.6 112.7 112.7 112.8 112.9 112.9 113.0 113.0 113.1 113.2 113.2 113.3 113.3 113.4 113.5 113.5 113.6 113.6 113.7 113.8 113.8 113.9 113.9 114.0 114.0 114.1 114.2 114.2 114.3 114.4 114.4 114.5 114.5 114.6 114.7 114.7 114.8 114.8 114.9 115.0 115.0 115.1 115.1 115.2 115.2 115.3 115.4 115.4 115.5 115.5 115.6 115.7
111.2 111.3 111.3 111.4 111.5 111.5 111.6 111.6 111.7 111.8 111.8 111.9 111.9 112.0 112.1 112.1 112.2 112.2 112.3 112.4 112.4 112.5 112.5 112.6 112.7 112.7 112.8 112.8 112.9 113.0 113.0 113.1 113.1 113.2 113.3 113.3 113.4 113.4 113.5 113.6 113.6 113.7 113.7 113.8 113.9 113.9 114.0 114.0 114.1 114.2 114.2 114.3 114.3 114.4 114.5 114.5 114.6 114.6 114.7 114.8 114.8 114.9 114.9 115.0 115.1 115.1 115.2 115.2 115.3 115.4 115.4 115.5 115.5 115.6 115.7 115.7 115.8
111.3 111.4 111.5 111.5 111.6 111.6 111.7 111.8 111.8 111.9 111.9 112.0 112.0 112.1 112.2 112.2 112.3 112.3 112.4 112.5 112.5 112.6 112.6 112.7 112.8 112.8 112.9 113.0 113.0 113.1 113.1 113.2 113.2 113.3 113.4 113.4 113.5 113.5 113.6 113.7 113.7 113.8 113.8 113.9 114.0 114.0 114.1 114.1 114.2 114.3 114.3 114.4 114.5 114.5 114.6 114.6 114.7 114.8 114.8 114.9 114.9 115.0 115.0 115.1 115.2 115.2 115.3 115.3 115.4 115.5 115.5 115.6 115.6 115.7 115.8 115.8 115.9
111.4 111.5 111.6 111.6 111.7 111.7 111.8 111.9 111.9 112.0 112.0 112.1 112.2 112.2 112.3 112.3 112.4 112.5 112.5 112.6 112.6 112.7 112.8 112.8 112.9 112.9 113.0 113.1 113.1 113.2 113.2 113.3 113.4 113.4 113.5 113.5 113.6 113.7 113.7 113.8 113.8 113.9 114.0 114.0 114.1 114.1 114.2 114.3 114.3 114.4 114.4 114.5 114.6 114.6 114.7 114.7 114.8 114.9 114.9 115.0 115.0 115.1 115.2 115.2 115.3 115.3 115.4 115.5 115.5 115.6 115.6 115.7 115.8 115.8 115.9 115.9 116.0
111.5 111.6 111.7 111.7 111.8 111.8 111.9 112.0 112.0 112.1 112.1 112.2 112.3 112.3 112.4 112.4 112.5 112.6 112.6 112.7 112.7 112.8 112.9 112.9 113.0 113.0 113.1 113.2 113.2 113.3 113.3 113.4 113.5 113.5 113.6 113.6 113.7 113.8 113.8 113.9 113.9 114.0 114.1 114.1 114.2 114.2 114.3 114.4 114.4 114.5 114.5 114.6 114.7 114.7 114.8 114.8 114.9 115.0 115.0 115.1 115.1 115.2 115.3 115.3 115.4 115.4 115.5 115.6 115.6 115.7 115.7 115.8 115.9 115.9 116.0 116.0 116.1
111.7 111.7 111.8 111.8 111.9 112.0 112.0 112.1 112.1 112.2 112.3 112.3 112.4 112.4 112.5 112.6 112.6 112.7 112.7 112.8 112.9 112.9 113.0 113.0 113.1 113.2 113.2 113.3 113.3 113.4 113.5 113.5 113.6 113.6 113.7 113.8 113.8 113.9 113.9 114.0 114.1 114.1 114.2 114.2 114.3 114.4 114.4 114.5 114.5 114.6 114.7 114.7 114.8 114.8 114.9 115.0 115.0 115.1 115.1 115.2 115.3 115.3 115.4 115.4 115.5 115.6 115.6 115.7 115.7 115.8 115.9 115.9 116.0 116.0 116.1 116.2 116.2
111.8 111.8 111.9 112.0 112.0 112.1 112.1 112.2 112.2 112.3 112.4 112.4 112.5 112.5 112.6 112.7 112.7 112.8 112.8 112.9 113.0 113.0 113.1 113.2 113.2 113.3 113.3 113.4 113.5 113.5 113.6 113.6 113.7 113.8 113.8 113.9 113.9 114.0 114.0 114.1 114.2 114.2 114.3 114.3 114.4 114.5 114.5 114.6 114.7 114.7 114.8 114.8 114.9 115.0 115.0 115.1 115.1 115.2 115.2 115.3 115.4 115.4 115.5 115.5 115.6 115.7 115.7 115.8 115.8 115.9 116.0 116.0 116.1 116.2 116.2 116.3 116.3
111.9 111.9 112.0 112.1 112.1 112.2 112.2 112.3 112.4 112.4 112.5 112.5 112.6 112.7 112.7 112.8 112.8 112.9 113.0 113.0 113.1 113.1 113.2 113.3 113.3 113.4 113.4 113.5 113.6 113.6 113.7 113.7 113.8 113.9 113.9 114.0 114.0 114.1 114.2 114.2 114.3 114.3 114.4 114.5 114.5 114.6 114.6 114.7 114.8 114.8 114.9 114.9 115.0 115.1 115.1 115.2 115.2 115.3 115.4 115.4 115.5 115.5 115.6 115.7 115.7 115.8 115.8 115.9 116.0 116.0 116.1 116.1 116.2 116.3 116.3 116.4 116.4
112.0 112.1 112.1 112.2 112.2 112.3 112.4 112.4 112.5 112.5 112.6 112.7 112.7 112.8 112.8 112.9 113.0 113.0 113.1 113.1 113.2 113.3 113.3 113.4 113.4 113.5 113.6 113.6 113.7 113.7 113.8 113.9 113.9 114.0 114.0 114.1 114.2 114.2 114.3 114.3 114.4 114.5 114.5 114.6 114.6 114.7 114.8 114.8 114.9 114.9 115.0 115.1 115.1 115.2 115.2 115.3 115.4 115.4 115.5 115.5 115.6 115.7 115.7 115.8 115.8 115.9 116.0 116.0 116.1 116.1 116.2 116.3 116.3 116.4 116.4 116.5 116.6
